Evaluation

batch_size=1000
cross_fold_id=-1
cross_folds_num=-1
data_name='adult'
dataset_sort=False
dropout_ratio=0
epoch_num=300
evaluator='token-acc'
gpu=0
hadamard_importance=False
hidden_dim=50
input_dim=66
kmeans_init=True
lambda_sep=0.0
latent_dim=None
load_name=None
lr=0.001
lr_decay=0
max_pool_protos=True
min_epoch_num=1
model='ProtoMLP'
momentum=0.9
no_eval_til=0
num_prototypes_per_class=20
opt='sgd'
patience=150
pooling_type='attention'
pre_eval=True
pretrained_model='mlp-16d'
proto_dim=16
push_after=20
save_best=True
save_data=False
save_dir='saved_models'
save_name='proto-fixed-kmeans-nosep'
seed_num=10
similarity_epsilon=0.01
similarity_function_name='gaussian'
start_epoch=0
unfreeze_feature_extractor=1000
unfreeze_lin_layer=1000
verbose=True
weight_decay=0.0001

         epoch  |     train loss | token-acc-train |  token-acc-dev | token-acc-test |      cross_ent |         l1-pen |       sep_loss 
------------------------------------------------------------------------------------------------------------------------------------------
------------------------------------------------------------------------------------------------------------------------------------------
*** Token-level accuracy: 77.44% ***
 	 TP: 76.40 | abs: 628
 	 FP: 23.60 | abs: 194
 	 TN: 78.58 | abs: 587
 	 FN: 21.42 | abs: 160
Neg class: above $50K, Pos class: below $50K
              1 |           0.64 |          79.27 |          76.21 |          76.74 |           0.64 |           0.00 |          -0.18 
              2 |           0.64 |          79.14 |          76.34 |          77.82 |           0.64 |           0.00 |          -0.17 
              3 |           0.64 |          79.16 |          76.53 |          78.65 |           0.64 |           0.00 |          -0.18 
              4 |           0.64 |          78.87 |          77.61 |          78.39 |           0.64 |           0.00 |          -0.19 
              5 |           0.64 |          78.90 |          77.68 |          79.03 |           0.64 |           0.00 |          -0.20 
              6 |           0.63 |          79.29 |          77.04 |          78.39 |           0.63 |           0.00 |          -0.21 
              7 |           0.63 |          79.39 |          76.79 |          78.01 |           0.63 |           0.00 |          -0.22 
              8 |           0.63 |          79.16 |          76.91 |          78.46 |           0.63 |           0.00 |          -0.23 
              9 |           0.62 |          78.58 |          76.98 |          77.63 |           0.62 |           0.00 |          -0.25 
             10 |           0.62 |          78.09 |          75.57 |          76.80 |           0.62 |           0.00 |          -0.26 
             11 |           0.62 |          77.78 |          75.57 |          75.59 |           0.62 |           0.00 |          -0.25 
             12 |           0.61 |          78.36 |          74.81 |          75.78 |           0.61 |           0.00 |          -0.28 
             13 |           0.61 |          77.82 |          73.79 |          75.40 |           0.61 |           0.00 |          -0.30 
             14 |           0.61 |          77.68 |          74.04 |          75.33 |           0.61 |           0.00 |          -0.30 
             15 |           0.61 |          76.68 |          73.21 |          74.38 |           0.61 |           0.00 |          -0.31 
             16 |           0.61 |          76.51 |          73.92 |          74.44 |           0.61 |           0.00 |          -0.33 
             17 |           0.60 |          76.17 |          74.43 |          74.82 |           0.60 |           0.00 |          -0.34 
             18 |           0.60 |          76.00 |          74.55 |          74.82 |           0.60 |           0.00 |          -0.35 
             19 |           0.60 |          75.83 |          74.30 |          74.19 |           0.60 |           0.00 |          -0.36 
             20 |           0.60 |          76.04 |          75.89 |          74.82 |           0.60 |           0.00 |          -0.36 
             21 |           0.60 |          76.13 |          75.70 |          74.76 |           0.60 |           0.00 |          -0.38 
             22 |           0.59 |          76.22 |          75.64 |          75.14 |           0.59 |           0.00 |          -0.42 
             23 |           0.59 |          75.89 |          75.45 |          74.70 |           0.59 |           0.00 |          -0.41 
             24 |           0.59 |          76.10 |          75.64 |          74.63 |           0.59 |           0.00 |          -0.42 
             25 |           0.59 |          76.14 |          75.83 |          75.02 |           0.59 |           0.00 |          -0.43 
             26 |           0.58 |          76.23 |          75.57 |          75.08 |           0.58 |           0.00 |          -0.45 
             27 |           0.59 |          75.98 |          75.06 |          74.31 |           0.59 |           0.00 |          -0.44 
             28 |           0.58 |          75.99 |          75.32 |          74.57 |           0.58 |           0.00 |          -0.49 
             29 |           0.58 |          76.11 |          75.32 |          74.44 |           0.58 |           0.00 |          -0.50 
             30 |           0.58 |          76.88 |          76.02 |          75.59 |           0.58 |           0.00 |          -0.49 
             31 |           0.59 |          76.15 |          73.09 |          73.87 |           0.59 |           0.00 |          -0.47 
             32 |           0.58 |          76.55 |          73.28 |          74.95 |           0.58 |           0.00 |          -0.46 
             33 |           0.58 |          76.53 |          72.83 |          75.33 |           0.58 |           0.00 |          -0.47 
             34 |           0.59 |          76.68 |          72.83 |          75.46 |           0.59 |           0.00 |          -0.46 
             35 |           0.58 |          77.23 |          73.15 |          75.97 |           0.58 |           0.00 |          -0.50 
             36 |           0.59 |          77.93 |          74.81 |          76.42 |           0.59 |           0.00 |          -0.47 
             37 |           0.58 |          77.75 |          75.00 |          76.10 |           0.58 |           0.00 |          -0.49 
             38 |           0.58 |          77.61 |          74.87 |          75.59 |           0.58 |           0.00 |          -0.52 
             39 |           0.58 |          78.35 |          75.89 |          76.42 |           0.58 |           0.00 |          -0.52 
             40 |           0.57 |          78.80 |          76.15 |          77.12 |           0.57 |           0.00 |          -0.53 
             41 |           0.57 |          78.96 |          76.53 |          77.31 |           0.57 |           0.00 |          -0.56 
             42 |           0.57 |          78.47 |          75.96 |          76.80 |           0.57 |           0.00 |          -0.53 
             43 |           0.57 |          78.13 |          75.26 |          75.65 |           0.57 |           0.00 |          -0.54 
             44 |           0.56 |          78.99 |          76.15 |          75.91 |           0.56 |           0.00 |          -0.57 
             45 |           0.56 |          78.99 |          76.40 |          76.61 |           0.56 |           0.00 |          -0.58 
             46 |           0.56 |          78.81 |          77.10 |          76.55 |           0.56 |           0.00 |          -0.60 
             47 |           0.55 |          78.56 |          76.47 |          76.16 |           0.55 |           0.00 |          -0.68 
             48 |           0.55 |          79.48 |          77.23 |          76.93 |           0.55 |           0.00 |          -0.67 
             49 |           0.55 |          79.53 |          77.10 |          77.37 |           0.55 |           0.00 |          -0.68 
             50 |           0.55 |          79.59 |          77.55 |          77.88 |           0.55 |           0.00 |          -0.73 
             51 |           0.55 |          79.35 |          77.36 |          77.69 |           0.55 |           0.00 |          -0.74 
             52 |           0.56 |          79.22 |          77.17 |          77.76 |           0.56 |           0.00 |          -0.72 
             53 |           0.56 |          79.73 |          77.36 |          77.82 |           0.56 |           0.00 |          -0.74 
             54 |           0.55 |          78.84 |          77.17 |          77.50 |           0.55 |           0.00 |          -0.77 
             55 |           0.56 |          78.80 |          77.49 |          77.76 |           0.56 |           0.00 |          -0.82 
             56 |           0.55 |          78.75 |          77.61 |          77.63 |           0.55 |           0.00 |          -0.88 
             57 |           0.55 |          78.80 |          77.68 |          77.69 |           0.55 |           0.00 |          -0.93 
             58 |           0.56 |          79.31 |          77.68 |          78.08 |           0.56 |           0.00 |          -0.89 
             59 |           0.56 |          78.84 |          77.55 |          77.50 |           0.56 |           0.00 |          -0.85 
             60 |           0.56 |          79.19 |          77.68 |          77.69 |           0.56 |           0.00 |          -0.90 
             61 |           0.56 |          79.34 |          77.30 |          78.20 |           0.56 |           0.00 |          -0.90 
             62 |           0.57 |          78.68 |          77.10 |          77.37 |           0.57 |           0.00 |          -0.88 
             63 |           0.58 |          78.98 |          77.68 |          77.57 |           0.58 |           0.00 |          -0.82 
             64 |           0.56 |          79.32 |          77.49 |          77.44 |           0.56 |           0.00 |          -0.91 
             65 |           0.56 |          78.49 |          77.23 |          77.37 |           0.56 |           0.00 |          -0.96 
             66 |           0.57 |          78.72 |          77.61 |          77.31 |           0.57 |           0.00 |          -0.87 
             67 |           0.57 |          78.10 |          76.59 |          76.93 |           0.57 |           0.00 |          -0.93 
             68 |           0.56 |          78.65 |          77.30 |          76.61 |           0.56 |           0.00 |          -0.96 
             69 |           0.57 |          78.13 |          76.21 |          76.35 |           0.57 |           0.00 |          -0.88 
             70 |           0.56 |          78.54 |          77.04 |          76.42 |           0.56 |           0.00 |          -1.02 
             71 |           0.56 |          78.62 |          77.30 |          76.55 |           0.56 |           0.00 |          -1.03 
             72 |           0.57 |          78.78 |          77.49 |          76.80 |           0.57 |           0.00 |          -0.98 
             73 |           0.56 |          78.10 |          75.96 |          76.04 |           0.56 |           0.00 |          -0.98 
             74 |           0.56 |          78.45 |          76.72 |          76.29 |           0.56 |           0.00 |          -1.00 
             75 |           0.57 |          78.60 |          77.30 |          76.35 |           0.57 |           0.00 |          -0.95 
             76 |           0.56 |          78.95 |          77.68 |          76.61 |           0.56 |           0.00 |          -1.00 
             77 |           0.57 |          78.35 |          76.47 |          76.16 |           0.57 |           0.00 |          -0.97 
             78 |           0.56 |          78.43 |          76.53 |          76.35 |           0.56 |           0.00 |          -1.01 
             79 |           0.57 |          78.56 |          76.72 |          76.67 |           0.57 |           0.00 |          -0.98 
             80 |           0.57 |          78.58 |          76.79 |          76.48 |           0.57 |           0.00 |          -0.95 
             81 |           0.57 |          78.87 |          77.04 |          76.93 |           0.57 |           0.00 |          -0.98 
             82 |           0.57 |          78.98 |          77.36 |          77.06 |           0.57 |           0.00 |          -0.99 
             83 |           0.57 |          78.21 |          76.53 |          76.23 |           0.57 |           0.00 |          -0.96 
             84 |           0.58 |          78.39 |          77.36 |          76.42 |           0.58 |           0.00 |          -0.89 
             85 |           0.56 |          78.56 |          77.61 |          76.55 |           0.56 |           0.00 |          -1.00 
             86 |           0.57 |          78.77 |          77.68 |          76.80 |           0.57 |           0.00 |          -0.99 
             87 |           0.57 |          78.16 |          76.66 |          76.29 |           0.57 |           0.00 |          -0.95 
             88 |           0.57 |          78.33 |          76.53 |          76.67 |           0.57 |           0.00 |          -0.95 
             89 |           0.57 |          78.41 |          76.98 |          76.74 |           0.57 |           0.00 |          -0.99 
             90 |           0.57 |          78.55 |          76.79 |          76.74 |           0.57 |           0.00 |          -1.02 
             91 |           0.58 |          78.69 |          76.91 |          77.12 |           0.58 |           0.00 |          -0.96 
             92 |           0.57 |          79.02 |          77.68 |          77.57 |           0.57 |           0.00 |          -0.97 
             93 |           0.57 |          78.22 |          76.15 |          76.55 |           0.57 |           0.00 |          -1.00 
             94 |           0.57 |          78.53 |          76.91 |          76.55 |           0.57 |           0.00 |          -0.98 
             95 |           0.57 |          78.64 |          76.98 |          77.12 |           0.57 |           0.00 |          -0.97 
             96 |           0.57 |          78.57 |          77.23 |          76.74 |           0.57 |           0.00 |          -0.97 
             97 |           0.57 |          78.81 |          77.42 |          76.93 |           0.57 |           0.00 |          -1.02 
             98 |           0.57 |          78.96 |          77.49 |          77.25 |           0.57 |           0.00 |          -0.98 
             99 |           0.57 |          77.97 |          76.34 |          76.42 |           0.57 |           0.00 |          -0.97 
            100 |           0.56 |          78.02 |          76.28 |          76.35 |           0.56 |           0.00 |          -1.03 
            101 |           0.57 |          78.04 |          76.53 |          76.35 |           0.57 |           0.00 |          -1.01 
            102 |           0.57 |          78.16 |          76.66 |          76.42 |           0.57 |           0.00 |          -0.96 
            103 |           0.56 |          78.33 |          77.30 |          77.06 |           0.56 |           0.00 |          -1.02 
            104 |           0.56 |          78.43 |          77.36 |          77.18 |           0.56 |           0.00 |          -1.02 
            105 |           0.57 |          78.48 |          77.49 |          77.12 |           0.57 |           0.00 |          -1.01 
            106 |           0.56 |          78.64 |          77.68 |          77.25 |           0.56 |           0.00 |          -1.03 
            107 |           0.57 |          77.75 |          76.21 |          76.29 |           0.57 |           0.00 |          -1.01 
            108 |           0.57 |          77.79 |          76.72 |          76.55 |           0.57 |           0.00 |          -0.95 
            109 |           0.58 |          77.76 |          76.79 |          76.61 |           0.58 |           0.00 |          -0.87 
            110 |           0.58 |          77.80 |          76.66 |          76.29 |           0.58 |           0.00 |          -0.88 
            111 |           0.57 |          77.84 |          76.85 |          76.42 |           0.57 |           0.00 |          -1.00 
            112 |           0.58 |          77.98 |          77.30 |          76.48 |           0.58 |           0.00 |          -0.92 
            113 |           0.57 |          78.26 |          77.49 |          76.74 |           0.57 |           0.00 |          -0.95 
            114 |           0.57 |          78.14 |          76.98 |          76.99 |           0.57 |           0.00 |          -0.95 
            115 |           0.57 |          78.25 |          77.10 |          76.86 |           0.57 |           0.00 |          -0.96 
            116 |           0.57 |          78.28 |          77.23 |          76.93 |           0.57 |           0.00 |          -0.92 
            117 |           0.56 |          78.25 |          77.49 |          76.61 |           0.56 |           0.00 |          -0.98 
            118 |           0.57 |          78.11 |          77.23 |          76.80 |           0.57 |           0.00 |          -0.95 
            119 |           0.56 |          78.06 |          77.17 |          76.61 |           0.56 |           0.00 |          -0.91 
            120 |           0.57 |          78.13 |          77.23 |          76.48 |           0.57 |           0.00 |          -0.90 
            121 |           0.57 |          77.96 |          76.98 |          76.61 |           0.57 |           0.00 |          -0.91 
            122 |           0.57 |          78.15 |          77.49 |          76.74 |           0.57 |           0.00 |          -0.88 
            123 |           0.57 |          78.09 |          77.17 |          76.86 |           0.57 |           0.00 |          -0.86 
            124 |           0.56 |          78.00 |          77.30 |          76.29 |           0.56 |           0.00 |          -0.91 
            125 |           0.58 |          77.78 |          77.23 |          75.97 |           0.58 |           0.00 |          -0.81 
            126 |           0.58 |          77.79 |          77.36 |          76.04 |           0.58 |           0.00 |          -0.80 
            127 |           0.57 |          77.83 |          77.30 |          76.16 |           0.57 |           0.00 |          -0.87 
            128 |           0.56 |          78.10 |          77.36 |          76.10 |           0.56 |           0.00 |          -0.91 
            129 |           0.58 |          78.41 |          77.55 |          76.48 |           0.58 |           0.00 |          -0.84 
            130 |           0.57 |          77.11 |          76.15 |          75.84 |           0.57 |           0.00 |          -0.88 
            131 |           0.57 |          77.19 |          76.34 |          75.97 |           0.57 |           0.00 |          -0.83 
            132 |           0.58 |          77.84 |          76.91 |          75.91 |           0.58 |           0.00 |          -0.80 
            133 |           0.57 |          77.92 |          76.91 |          76.23 |           0.57 |           0.00 |          -0.86 
            134 |           0.56 |          77.24 |          76.72 |          76.10 |           0.56 |           0.00 |          -0.86 
            135 |           0.57 |          77.35 |          77.04 |          76.16 |           0.57 |           0.00 |          -0.86 
            136 |           0.57 |          77.42 |          77.04 |          76.29 |           0.57 |           0.00 |          -0.78 
            137 |           0.57 |          77.85 |          77.23 |          76.61 |           0.57 |           0.00 |          -0.81 
            138 |           0.57 |          77.13 |          76.53 |          75.84 |           0.57 |           0.00 |          -0.83 
            139 |           0.57 |          77.30 |          76.66 |          75.84 |           0.57 |           0.00 |          -0.79 
            140 |           0.57 |          77.40 |          76.98 |          75.46 |           0.57 |           0.00 |          -0.81 
            141 |           0.56 |          77.79 |          76.98 |          76.23 |           0.56 |           0.00 |          -0.82 
            142 |           0.56 |          78.09 |          77.30 |          76.80 |           0.56 |           0.00 |          -0.85 
            143 |           0.58 |          78.25 |          77.30 |          76.99 |           0.58 |           0.00 |          -0.75 
            144 |           0.57 |          77.17 |          76.15 |          76.10 |           0.57 |           0.00 |          -0.83 
            145 |           0.58 |          77.42 |          76.72 |          75.78 |           0.58 |           0.00 |          -0.72 
            146 |           0.56 |          77.61 |          76.72 |          75.91 |           0.56 |           0.00 |          -0.80 
            147 |           0.57 |          77.78 |          76.72 |          76.23 |           0.57 |           0.00 |          -0.75 
            148 |           0.58 |          77.99 |          77.10 |          76.04 |           0.58 |           0.00 |          -0.73 
            149 |           0.57 |          77.93 |          77.49 |          76.10 |           0.57 |           0.00 |          -0.78 
            150 |           0.57 |          78.14 |          77.49 |          76.16 |           0.57 |           0.00 |          -0.77 
            151 |           0.56 |          78.43 |          77.55 |          76.80 |           0.56 |           0.00 |          -0.83 
            152 |           0.57 |          76.52 |          75.70 |          75.02 |           0.57 |           0.00 |          -0.78 
            153 |           0.57 |          76.61 |          75.77 |          75.53 |           0.57 |           0.00 |          -0.70 
            154 |           0.57 |          76.64 |          76.08 |          75.53 |           0.57 |           0.00 |          -0.68 
            155 |           0.57 |          76.85 |          76.34 |          75.46 |           0.57 |           0.00 |          -0.71 
            156 |           0.57 |          77.06 |          76.59 |          76.10 |           0.57 |           0.00 |          -0.71 
            157 |           0.57 |          77.25 |          76.59 |          75.91 |           0.57 |           0.00 |          -0.71 
            158 |           0.56 |          77.65 |          77.04 |          76.10 |           0.56 |           0.00 |          -0.76 
            159 |           0.57 |          77.63 |          76.85 |          76.42 |           0.57 |           0.00 |          -0.72 
            160 |           0.58 |          77.59 |          76.59 |          75.91 |           0.58 |           0.00 |          -0.69 
            161 |           0.56 |          77.71 |          76.72 |          76.10 |           0.56 |           0.00 |          -0.77 
            162 |           0.56 |          77.86 |          76.85 |          76.16 |           0.56 |           0.00 |          -0.76 
            163 |           0.56 |          78.08 |          76.98 |          76.10 |           0.56 |           0.00 |          -0.76 
            164 |           0.57 |          78.37 |          77.42 |          76.23 |           0.57 |           0.00 |          -0.73 
            165 |           0.56 |          78.46 |          77.55 |          76.16 |           0.56 |           0.00 |          -0.76 
            166 |           0.56 |          78.41 |          77.68 |          76.86 |           0.56 |           0.00 |          -0.76 
            167 |           0.56 |          78.41 |          76.72 |          76.67 |           0.56 |           0.00 |          -0.80 
            168 |           0.58 |          78.53 |          77.49 |          76.86 |           0.58 |           0.00 |          -0.69 
            169 |           0.57 |          78.42 |          77.04 |          76.74 |           0.57 |           0.00 |          -0.74 
            170 |           0.57 |          78.65 |          77.04 |          76.80 |           0.57 |           0.00 |          -0.70 
            171 |           0.57 |          78.53 |          77.30 |          77.06 |           0.57 |           0.00 |          -0.73 
            172 |           0.58 |          78.61 |          77.23 |          77.06 |           0.58 |           0.00 |          -0.67 
            173 |           0.56 |          79.17 |          77.68 |          77.44 |           0.56 |           0.00 |          -0.74 
            174 |           0.57 |          79.48 |          77.30 |          77.95 |           0.57 |           0.00 |          -0.74 
            175 |           0.56 |          80.75 |          79.02 |          79.35 |           0.56 |           0.00 |          -0.77 
            176 |           0.55 |          80.69 |          79.15 |          79.35 |           0.55 |           0.00 |          -0.89 
            177 |           0.55 |          80.99 |          79.15 |          78.20 |           0.55 |           0.00 |          -0.88 
            178 |           0.55 |          81.08 |          78.57 |          78.46 |           0.55 |           0.00 |          -0.88 
            179 |           0.55 |          80.77 |          78.12 |          78.59 |           0.55 |           0.00 |          -0.86 
            180 |           0.56 |          81.17 |          78.06 |          78.78 |           0.56 |           0.00 |          -0.85 
            181 |           0.55 |          81.24 |          78.64 |          78.78 |           0.55 |           0.00 |          -0.88 
            182 |           0.55 |          81.51 |          78.25 |          79.35 |           0.55 |           0.00 |          -0.88 
            183 |           0.56 |          81.41 |          78.64 |          79.92 |           0.56 |           0.00 |          -0.81 
            184 |           0.55 |          81.45 |          78.83 |          80.05 |           0.55 |           0.00 |          -0.89 
            185 |           0.56 |          81.77 |          79.02 |          80.18 |           0.56 |           0.00 |          -0.88 
            186 |           0.55 |          81.80 |          79.15 |          80.62 |           0.55 |           0.00 |          -0.86 
            187 |           0.55 |          81.18 |          79.02 |          79.99 |           0.55 |           0.00 |          -0.89 
            188 |           0.56 |          81.21 |          79.27 |          79.86 |           0.56 |           0.00 |          -0.74 
            189 |           0.56 |          81.38 |          78.95 |          80.18 |           0.56 |           0.00 |          -0.82 
            190 |           0.56 |          81.63 |          78.70 |          80.37 |           0.56 |           0.00 |          -0.85 
            191 |           0.56 |          81.72 |          78.89 |          80.37 |           0.56 |           0.00 |          -0.83 
            192 |           0.56 |          81.76 |          78.64 |          80.31 |           0.56 |           0.00 |          -0.83 
            193 |           0.55 |          81.85 |          78.95 |          80.62 |           0.55 |           0.00 |          -0.83 
            194 |           0.55 |          81.19 |          78.70 |          79.73 |           0.55 |           0.00 |          -0.88 
            195 |           0.56 |          81.01 |          78.89 |          79.92 |           0.56 |           0.00 |          -0.84 
            196 |           0.55 |          81.31 |          78.64 |          80.18 |           0.55 |           0.00 |          -0.88 
            197 |           0.55 |          81.41 |          78.44 |          80.05 |           0.55 |           0.00 |          -0.89 
            198 |           0.57 |          81.51 |          78.38 |          79.86 |           0.57 |           0.00 |          -0.82 
            199 |           0.55 |          81.70 |          78.44 |          79.99 |           0.55 |           0.00 |          -0.87 
            200 |           0.56 |          81.83 |          79.21 |          81.20 |           0.56 |           0.00 |          -0.84 
            201 |           0.56 |          81.67 |          78.89 |          81.13 |           0.56 |           0.00 |          -0.85 
            202 |           0.56 |          81.67 |          79.02 |          81.13 |           0.56 |           0.00 |          -0.84 
            203 |           0.55 |          81.81 |          79.15 |          80.50 |           0.55 |           0.00 |          -0.92 
            204 |           0.55 |          81.71 |          79.15 |          80.82 |           0.55 |           0.00 |          -0.97 
            205 |           0.56 |          81.85 |          78.95 |          80.75 |           0.56 |           0.00 |          -0.90 
            206 |           0.57 |          81.89 |          78.89 |          80.82 |           0.57 |           0.00 |          -0.87 
            207 |           0.56 |          81.85 |          78.64 |          80.82 |           0.56 |           0.00 |          -0.92 
            208 |           0.56 |          81.84 |          79.27 |          81.26 |           0.56 |           0.00 |          -0.95 
            209 |           0.54 |          81.67 |          79.78 |          80.69 |           0.54 |           0.00 |          -0.99 
            210 |           0.57 |          81.54 |          79.46 |          80.75 |           0.57 |           0.00 |          -0.88 
            211 |           0.56 |          81.68 |          79.53 |          81.01 |           0.56 |           0.00 |          -0.89 
            212 |           0.56 |          81.77 |          79.78 |          81.07 |           0.56 |           0.00 |          -0.94 
            213 |           0.54 |          81.72 |          79.53 |          81.13 |           0.54 |           0.00 |          -1.03 
            214 |           0.56 |          81.74 |          79.78 |          81.07 |           0.56 |           0.00 |          -0.88 
            215 |           0.55 |          81.82 |          79.66 |          81.45 |           0.55 |           0.00 |          -0.95 
            216 |           0.55 |          81.55 |          79.97 |          81.13 |           0.55 |           0.00 |          -0.95 
            217 |           0.56 |          81.55 |          79.78 |          80.75 |           0.56 |           0.00 |          -0.85 
            218 |           0.56 |          81.79 |          79.72 |          81.07 |           0.56 |           0.00 |          -0.88 
            219 |           0.55 |          81.94 |          79.78 |          81.33 |           0.55 |           0.00 |          -0.95 
            220 |           0.56 |          81.98 |          79.97 |          81.39 |           0.56 |           0.00 |          -0.88 
            221 |           0.55 |          81.85 |          79.91 |          81.26 |           0.55 |           0.00 |          -0.92 
            222 |           0.56 |          81.87 |          79.85 |          81.26 |           0.56 |           0.00 |          -0.89 
            223 |           0.55 |          81.54 |          80.17 |          81.20 |           0.55 |           0.00 |          -0.93 
            224 |           0.57 |          81.47 |          79.97 |          81.01 |           0.57 |           0.00 |          -0.83 
            225 |           0.57 |          81.61 |          79.72 |          80.69 |           0.57 |           0.00 |          -0.82 
            226 |           0.56 |          81.68 |          79.66 |          80.82 |           0.56 |           0.00 |          -0.89 
            227 |           0.56 |          81.57 |          80.42 |          81.13 |           0.56 |           0.00 |          -0.89 
            228 |           0.57 |          81.82 |          79.72 |          80.69 |           0.57 |           0.00 |          -0.83 
            229 |           0.56 |          81.70 |          79.53 |          81.01 |           0.56 |           0.00 |          -0.85 
            230 |           0.56 |          81.79 |          79.40 |          81.07 |           0.56 |           0.00 |          -0.84 
            231 |           0.56 |          81.94 |          79.59 |          81.07 |           0.56 |           0.00 |          -0.84 
            232 |           0.56 |          81.90 |          79.85 |          81.07 |           0.56 |           0.00 |          -0.87 
            233 |           0.54 |          81.98 |          80.04 |          81.20 |           0.54 |           0.00 |          -0.97 
            234 |           0.57 |          81.93 |          79.72 |          81.07 |           0.57 |           0.00 |          -0.83 
            235 |           0.56 |          82.03 |          79.66 |          81.13 |           0.56 |           0.00 |          -0.83 
            236 |           0.55 |          82.04 |          79.97 |          81.13 |           0.55 |           0.00 |          -0.89 
            237 |           0.57 |          82.12 |          80.36 |          81.45 |           0.57 |           0.00 |          -0.82 
            238 |           0.55 |          81.53 |          79.85 |          80.82 |           0.55 |           0.00 |          -0.89 
            239 |           0.57 |          81.87 |          80.04 |          81.26 |           0.57 |           0.00 |          -0.85 
            240 |           0.58 |          81.97 |          79.02 |          80.75 |           0.58 |           0.00 |          -0.79 
            241 |           0.55 |          81.82 |          78.70 |          80.62 |           0.55 |           0.00 |          -0.89 
            242 |           0.57 |          81.94 |          78.64 |          80.62 |           0.57 |           0.00 |          -0.82 
            243 |           0.56 |          81.95 |          78.89 |          80.69 |           0.56 |           0.00 |          -0.87 
            244 |           0.55 |          82.14 |          80.10 |          81.45 |           0.55 |           0.00 |          -0.92 
            245 |           0.55 |          81.66 |          80.61 |          81.07 |           0.55 |           0.00 |          -0.90 
            246 |           0.57 |          81.83 |          80.36 |          81.01 |           0.57 |           0.00 |          -0.77 
            247 |           0.57 |          82.10 |          80.48 |          81.20 |           0.57 |           0.00 |          -0.82 
            248 |           0.56 |          82.02 |          78.89 |          80.24 |           0.56 |           0.00 |          -0.87 
            249 |           0.55 |          81.92 |          78.89 |          80.11 |           0.55 |           0.00 |          -0.88 
            250 |           0.56 |          81.75 |          78.51 |          79.73 |           0.56 |           0.00 |          -0.82 
            251 |           0.56 |          81.94 |          78.76 |          80.05 |           0.56 |           0.00 |          -0.87 
            252 |           0.57 |          82.12 |          78.95 |          80.24 |           0.57 |           0.00 |          -0.80 
            253 |           0.56 |          81.97 |          79.08 |          80.43 |           0.56 |           0.00 |          -0.88 
            254 |           0.57 |          82.07 |          80.55 |          80.88 |           0.57 |           0.00 |          -0.80 
            255 |           0.56 |          81.68 |          80.74 |          81.01 |           0.56 |           0.00 |          -0.82 
            256 |           0.57 |          81.68 |          80.36 |          81.45 |           0.57 |           0.00 |          -0.80 
            257 |           0.57 |          81.66 |          80.74 |          81.52 |           0.57 |           0.00 |          -0.82 
            258 |           0.56 |          81.71 |          80.55 |          80.94 |           0.56 |           0.00 |          -0.84 
            259 |           0.56 |          81.75 |          80.29 |          80.69 |           0.56 |           0.00 |          -0.84 
            260 |           0.56 |          81.92 |          80.29 |          80.88 |           0.56 |           0.00 |          -0.83 
            261 |           0.56 |          82.04 |          80.42 |          81.26 |           0.56 |           0.00 |          -0.84 
            262 |           0.58 |          82.07 |          80.48 |          81.45 |           0.58 |           0.00 |          -0.75 
            263 |           0.56 |          82.07 |          80.36 |          81.52 |           0.56 |           0.00 |          -0.83 
            264 |           0.57 |          82.16 |          79.21 |          80.75 |           0.57 |           0.00 |          -0.82 
            265 |           0.55 |          82.30 |          79.59 |          81.01 |           0.55 |           0.00 |          -0.89 
            266 |           0.56 |          82.09 |          80.48 |          81.45 |           0.56 |           0.00 |          -0.81 
            267 |           0.56 |          82.14 |          80.68 |          81.33 |           0.56 |           0.00 |          -0.84 
            268 |           0.55 |          81.80 |          80.74 |          80.62 |           0.55 |           0.00 |          -0.93 
            269 |           0.56 |          81.91 |          80.68 |          80.88 |           0.56 |           0.00 |          -0.82 
            270 |           0.56 |          81.94 |          80.61 |          80.82 |           0.56 |           0.00 |          -0.80 
            271 |           0.57 |          81.98 |          80.48 |          80.88 |           0.57 |           0.00 |          -0.76 
            272 |           0.56 |          82.04 |          80.55 |          81.13 |           0.56 |           0.00 |          -0.82 
            273 |           0.57 |          82.14 |          80.61 |          81.20 |           0.57 |           0.00 |          -0.78 
            274 |           0.56 |          81.74 |          80.87 |          80.75 |           0.56 |           0.00 |          -0.82 
            275 |           0.56 |          81.80 |          80.61 |          81.20 |           0.56 |           0.00 |          -0.76 
            276 |           0.56 |          82.01 |          80.68 |          80.62 |           0.56 |           0.00 |          -0.76 
            277 |           0.57 |          81.92 |          80.61 |          81.20 |           0.57 |           0.00 |          -0.73 
            278 |           0.57 |          81.71 |          80.68 |          80.75 |           0.57 |           0.00 |          -0.72 
            279 |           0.57 |          81.78 |          80.68 |          80.69 |           0.57 |           0.00 |          -0.74 
            280 |           0.57 |          81.75 |          80.48 |          80.43 |           0.57 |           0.00 |          -0.72 
            281 |           0.58 |          81.74 |          80.36 |          80.75 |           0.58 |           0.00 |          -0.72 
            282 |           0.56 |          81.91 |          80.48 |          81.33 |           0.56 |           0.00 |          -0.75 
            283 |           0.57 |          82.02 |          80.68 |          80.94 |           0.57 |           0.00 |          -0.72 
            284 |           0.56 |          82.10 |          80.80 |          81.01 |           0.56 |           0.00 |          -0.81 
            285 |           0.56 |          81.96 |          80.68 |          80.94 |           0.56 |           0.00 |          -0.80 
            286 |           0.56 |          82.02 |          80.61 |          81.13 |           0.56 |           0.00 |          -0.78 
            287 |           0.56 |          82.02 |          80.55 |          81.33 |           0.56 |           0.00 |          -0.77 
            288 |           0.56 |          82.00 |          80.74 |          81.26 |           0.56 |           0.00 |          -0.79 
            289 |           0.56 |          81.51 |          80.36 |          80.94 |           0.56 |           0.00 |          -0.83 
            290 |           0.58 |          81.70 |          80.36 |          80.75 |           0.58 |           0.00 |          -0.67 
            291 |           0.57 |          81.67 |          80.68 |          80.82 |           0.57 |           0.00 |          -0.73 
            292 |           0.56 |          81.71 |          80.55 |          80.62 |           0.56 |           0.00 |          -0.74 
            293 |           0.55 |          81.85 |          80.87 |          81.01 |           0.55 |           0.00 |          -0.79 
            294 |           0.56 |          81.94 |          80.80 |          81.07 |           0.56 |           0.00 |          -0.77 
            295 |           0.56 |          82.06 |          80.87 |          81.13 |           0.56 |           0.00 |          -0.73 
            296 |           0.56 |          81.55 |          80.61 |          80.62 |           0.56 |           0.00 |          -0.77 
            297 |           0.56 |          81.53 |          80.80 |          80.62 |           0.56 |           0.00 |          -0.69 
            298 |           0.56 |          81.61 |          80.48 |          80.43 |           0.56 |           0.00 |          -0.69 
            299 |           0.56 |          81.71 |          80.61 |          80.62 |           0.56 |           0.00 |          -0.70 
            300 |           0.57 |          81.71 |          80.74 |          80.82 |           0.57 |           0.00 |          -0.67 
------------------------------------------------------------------------------------------------------------------------------------------
Final eval on test, "save best", best epoch on dev 274, token-acc, dev = 80.87 | test = 80.75)
------------------------------------------------------------------------------------------------------------------------------------------
*** Token-level accuracy: 80.75% ***
 	 TP: 79.56 | abs: 654
 	 FP: 20.44 | abs: 168
 	 TN: 82.06 | abs: 613
 	 FN: 17.94 | abs: 134
Neg class: above $50K, Pos class: below $50K
Input arguments:
python3 main.py --save-name proto-fixed-kmeans-nosep --lambda-sep 0

 Best performance: 80.7521