Evaluation

batch_size=1000
cross_fold_id=-1
cross_folds_num=-1
data_name='adult'
dataset_sort=False
dropout_ratio=0
epoch_num=300
evaluator='token-acc'
gpu=0
hadamard_importance=False
hidden_dim=50
input_dim=66
kmeans_init=True
lambda_sep=0.1
latent_dim=None
load_name=None
lr=0.001
lr_decay=0
max_pool_protos=True
min_epoch_num=1
model='ProtoMLP'
momentum=0.9
no_eval_til=0
num_prototypes_per_class=20
opt='sgd'
patience=150
pooling_type='attention'
pre_eval=False
pretrained_model='mlp-16d'
proto_dim=16
push_after=80
save_best=True
save_data=False
save_dir='saved_models'
save_name='proto-20-push80'
seed_num=10
similarity_epsilon=0.01
similarity_function_name='gaussian'
start_epoch=0
unfreeze_feature_extractor=0
unfreeze_lin_layer=1000
verbose=True
weight_decay=0.0001

         epoch  |     train loss | token-acc-train |  token-acc-dev | token-acc-test |      cross_ent |         l1-pen |       sep_loss 
------------------------------------------------------------------------------------------------------------------------------------------
              1 |           0.62 |          79.40 |          77.17 |          76.99 |           0.64 |           0.00 |          -0.18 
              2 |           0.63 |          78.68 |          76.47 |          78.08 |           0.64 |           0.00 |          -0.17 
              3 |           0.62 |          78.84 |          77.68 |          79.09 |           0.64 |           0.00 |          -0.19 
              4 |           0.61 |          79.34 |          77.61 |          78.71 |           0.63 |           0.00 |          -0.20 
              5 |           0.61 |          79.19 |          76.53 |          77.18 |           0.63 |           0.00 |          -0.21 
              6 |           0.60 |          78.39 |          77.23 |          77.12 |           0.62 |           0.00 |          -0.23 
              7 |           0.60 |          77.89 |          75.57 |          75.84 |           0.62 |           0.00 |          -0.25 
              8 |           0.59 |          78.31 |          74.68 |          76.16 |           0.62 |           0.00 |          -0.27 
              9 |           0.58 |          76.71 |          73.60 |          74.51 |           0.61 |           0.00 |          -0.30 
             10 |           0.58 |          76.62 |          74.43 |          75.08 |           0.61 |           0.00 |          -0.32 
             11 |           0.58 |          75.66 |          75.77 |          74.89 |           0.61 |           0.00 |          -0.32 
             12 |           0.57 |          75.08 |          75.00 |          75.02 |           0.60 |           0.00 |          -0.34 
             13 |           0.56 |          74.47 |          73.92 |          74.19 |           0.60 |           0.00 |          -0.38 
             14 |           0.56 |          73.93 |          72.19 |          73.17 |           0.60 |           0.00 |          -0.39 
             15 |           0.56 |          74.09 |          71.81 |          72.85 |           0.60 |           0.00 |          -0.40 
             16 |           0.55 |          73.81 |          72.51 |          72.21 |           0.59 |           0.00 |          -0.44 
             17 |           0.55 |          73.65 |          72.45 |          71.89 |           0.59 |           0.00 |          -0.44 
             18 |           0.54 |          73.70 |          72.51 |          71.70 |           0.59 |           0.00 |          -0.46 
             19 |           0.54 |          73.89 |          72.13 |          71.83 |           0.59 |           0.00 |          -0.48 
             20 |           0.54 |          74.16 |          72.70 |          71.57 |           0.59 |           0.00 |          -0.48 
             21 |           0.54 |          74.36 |          72.90 |          72.53 |           0.59 |           0.00 |          -0.50 
             22 |           0.52 |          74.53 |          73.47 |          72.47 |           0.58 |           0.00 |          -0.56 
             23 |           0.53 |          74.30 |          73.53 |          72.02 |           0.58 |           0.00 |          -0.54 
             24 |           0.52 |          74.39 |          73.09 |          72.47 |           0.58 |           0.00 |          -0.57 
             25 |           0.52 |          74.20 |          72.64 |          72.66 |           0.58 |           0.00 |          -0.59 
             26 |           0.50 |          74.20 |          72.26 |          72.72 |           0.57 |           0.00 |          -0.63 
             27 |           0.52 |          74.40 |          72.13 |          72.98 |           0.58 |           0.00 |          -0.61 
             28 |           0.50 |          74.52 |          72.70 |          73.36 |           0.57 |           0.00 |          -0.69 
             29 |           0.49 |          74.69 |          73.47 |          73.74 |           0.56 |           0.00 |          -0.71 
             30 |           0.50 |          74.74 |          73.72 |          73.36 |           0.57 |           0.00 |          -0.70 
             31 |           0.51 |          75.08 |          74.74 |          73.80 |           0.57 |           0.00 |          -0.68 
             32 |           0.49 |          75.58 |          74.87 |          74.31 |           0.56 |           0.00 |          -0.75 
             33 |           0.49 |          75.82 |          74.94 |          73.93 |           0.57 |           0.00 |          -0.76 
             34 |           0.50 |          76.16 |          75.38 |          74.25 |           0.57 |           0.00 |          -0.76 
             35 |           0.47 |          75.93 |          75.06 |          74.31 |           0.55 |           0.00 |          -0.83 
             36 |           0.49 |          76.66 |          75.38 |          74.25 |           0.57 |           0.00 |          -0.77 
             37 |           0.48 |          77.77 |          76.34 |          75.53 |           0.56 |           0.00 |          -0.82 
             38 |           0.47 |          78.29 |          76.91 |          75.97 |           0.55 |           0.00 |          -0.88 
             39 |           0.47 |          78.37 |          77.04 |          75.53 |           0.55 |           0.00 |          -0.88 
             40 |           0.46 |          78.76 |          77.10 |          76.16 |           0.55 |           0.00 |          -0.93 
             41 |           0.45 |          78.73 |          76.66 |          76.35 |           0.54 |           0.00 |          -0.97 
             42 |           0.46 |          78.61 |          76.47 |          76.67 |           0.55 |           0.00 |          -0.92 
             43 |           0.45 |          78.83 |          77.49 |          77.25 |           0.55 |           0.00 |          -0.95 
             44 |           0.44 |          79.61 |          78.12 |          77.57 |           0.54 |           0.00 |          -1.00 
             45 |           0.45 |          80.59 |          79.08 |          79.48 |           0.55 |           0.00 |          -1.01 
             46 |           0.44 |          80.63 |          77.42 |          79.60 |           0.54 |           0.00 |          -1.04 
             47 |           0.43 |          81.78 |          78.51 |          80.69 |           0.53 |           0.00 |          -1.05 
             48 |           0.43 |          82.02 |          79.08 |          80.94 |           0.53 |           0.00 |          -1.04 
             49 |           0.42 |          81.90 |          79.53 |          80.94 |           0.53 |           0.00 |          -1.05 
             50 |           0.41 |          82.16 |          79.46 |          80.88 |           0.53 |           0.00 |          -1.12 
             51 |           0.41 |          82.00 |          80.36 |          81.52 |           0.52 |           0.00 |          -1.12 
             52 |           0.41 |          82.18 |          79.15 |          81.13 |           0.52 |           0.00 |          -1.10 
             53 |           0.41 |          82.21 |          79.66 |          81.45 |           0.52 |           0.00 |          -1.13 
             54 |           0.39 |          82.92 |          81.44 |          81.07 |           0.51 |           0.00 |          -1.18 
             55 |           0.39 |          82.83 |          81.25 |          81.26 |           0.51 |           0.00 |          -1.23 
             56 |           0.37 |          83.05 |          81.31 |          81.01 |           0.50 |           0.00 |          -1.29 
             57 |           0.37 |          83.16 |          81.76 |          81.52 |           0.50 |           0.00 |          -1.33 
             58 |           0.38 |          82.74 |          80.80 |          82.15 |           0.51 |           0.00 |          -1.29 
             59 |           0.37 |          82.89 |          81.06 |          81.64 |           0.50 |           0.00 |          -1.30 
             60 |           0.36 |          83.08 |          81.25 |          81.71 |           0.49 |           0.00 |          -1.36 
             61 |           0.36 |          83.26 |          81.38 |          81.90 |           0.50 |           0.00 |          -1.36 
             62 |           0.37 |          82.91 |          80.74 |          82.22 |           0.51 |           0.00 |          -1.34 
             63 |           0.37 |          82.75 |          80.36 |          81.84 |           0.50 |           0.00 |          -1.33 
             64 |           0.35 |          82.73 |          79.97 |          82.22 |           0.49 |           0.00 |          -1.42 
             65 |           0.33 |          82.53 |          80.10 |          81.45 |           0.48 |           0.00 |          -1.50 
             66 |           0.36 |          82.61 |          79.85 |          81.45 |           0.50 |           0.00 |          -1.41 
             67 |           0.35 |          82.68 |          80.55 |          81.84 |           0.50 |           0.00 |          -1.48 
             68 |           0.34 |          82.74 |          80.29 |          82.15 |           0.49 |           0.00 |          -1.49 
             69 |           0.34 |          82.79 |          80.68 |          82.22 |           0.49 |           0.00 |          -1.50 
             70 |           0.33 |          82.83 |          80.61 |          82.35 |           0.49 |           0.00 |          -1.58 
             71 |           0.33 |          82.62 |          79.85 |          81.90 |           0.49 |           0.00 |          -1.60 
             72 |           0.34 |          82.53 |          80.04 |          81.77 |           0.49 |           0.00 |          -1.58 
             73 |           0.32 |          82.54 |          80.10 |          81.64 |           0.48 |           0.00 |          -1.63 
             74 |           0.32 |          82.54 |          80.42 |          81.64 |           0.48 |           0.00 |          -1.65 
             75 |           0.32 |          82.73 |          81.12 |          81.90 |           0.49 |           0.00 |          -1.63 
             76 |           0.32 |          82.73 |          81.06 |          81.90 |           0.48 |           0.00 |          -1.69 
             77 |           0.33 |          82.69 |          80.87 |          81.84 |           0.49 |           0.00 |          -1.66 
             78 |           0.31 |          82.77 |          80.87 |          81.71 |           0.48 |           0.00 |          -1.72 
             79 |           0.32 |          82.73 |          80.99 |          81.77 |           0.49 |           0.00 |          -1.71 
             80 |           0.30 |          82.82 |          80.93 |          81.90 |           0.47 |           0.00 |          -1.74 
             81 |           0.32 |          82.84 |          80.23 |          82.03 |           0.49 |           0.00 |          -1.74 
             82 |           0.35 |          82.81 |          80.23 |          81.96 |           0.49 |           0.00 |          -1.49 
             83 |           0.33 |          82.78 |          80.61 |          81.77 |           0.49 |           0.00 |          -1.53 
             84 |           0.35 |          82.68 |          80.10 |          81.90 |           0.50 |           0.00 |          -1.45 
             85 |           0.35 |          82.75 |          80.04 |          81.90 |           0.50 |           0.00 |          -1.51 
             86 |           0.33 |          82.70 |          80.04 |          81.84 |           0.48 |           0.00 |          -1.53 
             87 |           0.35 |          82.65 |          79.97 |          81.84 |           0.50 |           0.00 |          -1.48 
             88 |           0.35 |          82.81 |          80.48 |          81.90 |           0.50 |           0.00 |          -1.47 
             89 |           0.32 |          82.66 |          79.78 |          81.96 |           0.48 |           0.00 |          -1.57 
             90 |           0.35 |          82.77 |          80.48 |          82.09 |           0.50 |           0.00 |          -1.48 
             91 |           0.36 |          82.77 |          80.42 |          82.03 |           0.50 |           0.00 |          -1.47 
             92 |           0.34 |          82.81 |          80.55 |          81.90 |           0.49 |           0.00 |          -1.50 
             93 |           0.33 |          82.57 |          79.78 |          81.64 |           0.48 |           0.00 |          -1.58 
             94 |           0.35 |          82.56 |          79.91 |          81.77 |           0.49 |           0.00 |          -1.42 
             95 |           0.36 |          82.49 |          79.72 |          81.64 |           0.50 |           0.00 |          -1.38 
             96 |           0.35 |          82.78 |          80.42 |          82.09 |           0.49 |           0.00 |          -1.40 
             97 |           0.35 |          82.49 |          79.85 |          81.84 |           0.49 |           0.00 |          -1.43 
             98 |           0.38 |          82.73 |          80.42 |          82.15 |           0.51 |           0.00 |          -1.35 
             99 |           0.37 |          82.80 |          80.36 |          82.09 |           0.50 |           0.00 |          -1.37 
            100 |           0.33 |          82.80 |          80.29 |          82.15 |           0.48 |           0.00 |          -1.50 
            101 |           0.34 |          82.84 |          80.17 |          81.96 |           0.49 |           0.00 |          -1.51 
            102 |           0.35 |          82.82 |          80.23 |          82.03 |           0.49 |           0.00 |          -1.47 
            103 |           0.33 |          82.74 |          80.10 |          82.03 |           0.49 |           0.00 |          -1.55 
            104 |           0.32 |          82.77 |          80.10 |          81.96 |           0.48 |           0.00 |          -1.58 
            105 |           0.33 |          82.77 |          80.29 |          82.15 |           0.49 |           0.00 |          -1.58 
            106 |           0.32 |          82.81 |          80.48 |          82.28 |           0.48 |           0.00 |          -1.62 
            107 |           0.33 |          82.81 |          80.48 |          82.28 |           0.49 |           0.00 |          -1.61 
            108 |           0.32 |          82.74 |          80.17 |          82.09 |           0.49 |           0.00 |          -1.64 
            109 |           0.34 |          82.81 |          80.55 |          82.60 |           0.50 |           0.00 |          -1.57 
            110 |           0.32 |          82.91 |          80.61 |          82.66 |           0.48 |           0.00 |          -1.62 
            111 |           0.33 |          82.86 |          80.36 |          82.41 |           0.49 |           0.00 |          -1.69 
            112 |           0.32 |          82.86 |          80.10 |          81.90 |           0.49 |           0.00 |          -1.67 
            113 |           0.32 |          82.85 |          80.04 |          82.09 |           0.49 |           0.00 |          -1.69 
            114 |           0.32 |          82.88 |          80.42 |          82.28 |           0.49 |           0.00 |          -1.72 
            115 |           0.31 |          82.92 |          80.42 |          82.22 |           0.48 |           0.00 |          -1.76 
            116 |           0.31 |          82.90 |          80.17 |          82.09 |           0.48 |           0.00 |          -1.73 
            117 |           0.36 |          82.89 |          80.23 |          81.84 |           0.50 |           0.00 |          -1.35 
            118 |           0.36 |          82.94 |          80.36 |          82.09 |           0.49 |           0.00 |          -1.36 
            119 |           0.34 |          82.98 |          80.36 |          82.15 |           0.48 |           0.00 |          -1.41 
            120 |           0.37 |          82.98 |          80.42 |          82.15 |           0.51 |           0.00 |          -1.38 
            121 |           0.34 |          82.97 |          80.42 |          81.96 |           0.49 |           0.00 |          -1.46 
            122 |           0.36 |          82.97 |          80.42 |          81.96 |           0.50 |           0.00 |          -1.45 
            123 |           0.35 |          83.04 |          80.29 |          82.22 |           0.50 |           0.00 |          -1.49 
            124 |           0.34 |          82.96 |          80.61 |          82.66 |           0.49 |           0.00 |          -1.52 
            125 |           0.34 |          83.04 |          80.61 |          82.66 |           0.49 |           0.00 |          -1.50 
            126 |           0.34 |          83.08 |          80.36 |          82.66 |           0.49 |           0.00 |          -1.47 
            127 |           0.33 |          83.19 |          80.42 |          82.79 |           0.48 |           0.00 |          -1.55 
            128 |           0.34 |          83.20 |          80.55 |          82.86 |           0.50 |           0.00 |          -1.51 
            129 |           0.35 |          82.97 |          80.29 |          82.73 |           0.50 |           0.00 |          -1.55 
            130 |           0.35 |          82.90 |          80.23 |          82.54 |           0.49 |           0.00 |          -1.43 
            131 |           0.35 |          82.99 |          80.55 |          82.54 |           0.50 |           0.00 |          -1.46 
            132 |           0.33 |          83.08 |          80.61 |          82.60 |           0.49 |           0.00 |          -1.52 
            133 |           0.33 |          82.90 |          80.17 |          82.54 |           0.49 |           0.00 |          -1.56 
            134 |           0.34 |          83.20 |          80.42 |          82.22 |           0.48 |           0.00 |          -1.47 
            135 |           0.34 |          83.14 |          80.48 |          82.35 |           0.49 |           0.00 |          -1.48 
            136 |           0.33 |          82.85 |          80.17 |          82.47 |           0.48 |           0.00 |          -1.49 
            137 |           0.36 |          82.85 |          80.23 |          82.66 |           0.50 |           0.00 |          -1.41 
            138 |           0.34 |          82.81 |          80.42 |          82.47 |           0.49 |           0.00 |          -1.46 
            139 |           0.34 |          82.97 |          80.93 |          82.54 |           0.48 |           0.00 |          -1.39 
            140 |           0.36 |          82.93 |          80.61 |          82.54 |           0.49 |           0.00 |          -1.34 
            141 |           0.33 |          82.95 |          80.36 |          82.66 |           0.47 |           0.00 |          -1.38 
            142 |           0.34 |          82.93 |          80.17 |          82.66 |           0.48 |           0.00 |          -1.42 
            143 |           0.37 |          83.02 |          80.55 |          83.05 |           0.51 |           0.00 |          -1.34 
            144 |           0.36 |          82.90 |          80.55 |          83.11 |           0.50 |           0.00 |          -1.45 
            145 |           0.36 |          82.85 |          80.55 |          82.86 |           0.50 |           0.00 |          -1.42 
            146 |           0.33 |          82.96 |          80.93 |          82.22 |           0.49 |           0.00 |          -1.58 
            147 |           0.34 |          82.97 |          80.74 |          82.35 |           0.49 |           0.00 |          -1.53 
            148 |           0.35 |          82.99 |          80.68 |          81.96 |           0.50 |           0.00 |          -1.51 
            149 |           0.33 |          83.16 |          80.87 |          82.22 |           0.49 |           0.00 |          -1.58 
            150 |           0.34 |          83.19 |          81.57 |          82.22 |           0.50 |           0.00 |          -1.58 
            151 |           0.33 |          83.28 |          81.57 |          82.15 |           0.49 |           0.00 |          -1.60 
            152 |           0.32 |          83.27 |          81.51 |          82.22 |           0.48 |           0.00 |          -1.60 
            153 |           0.34 |          83.08 |          81.19 |          82.35 |           0.50 |           0.00 |          -1.60 
            154 |           0.34 |          83.16 |          81.51 |          82.28 |           0.49 |           0.00 |          -1.49 
            155 |           0.34 |          83.12 |          81.19 |          82.41 |           0.49 |           0.00 |          -1.55 
            156 |           0.33 |          83.33 |          81.44 |          82.54 |           0.48 |           0.00 |          -1.52 
            157 |           0.34 |          83.31 |          81.57 |          82.41 |           0.49 |           0.00 |          -1.53 
            158 |           0.33 |          83.33 |          81.38 |          82.35 |           0.49 |           0.00 |          -1.59 
            159 |           0.34 |          83.41 |          81.57 |          82.15 |           0.50 |           0.00 |          -1.57 
            160 |           0.33 |          83.13 |          81.25 |          82.22 |           0.49 |           0.00 |          -1.58 
            161 |           0.34 |          83.20 |          81.57 |          81.90 |           0.49 |           0.00 |          -1.48 
            162 |           0.34 |          83.11 |          81.25 |          82.22 |           0.49 |           0.00 |          -1.50 
            163 |           0.35 |          83.23 |          81.31 |          82.03 |           0.49 |           0.00 |          -1.44 
            164 |           0.35 |          83.34 |          81.31 |          82.35 |           0.49 |           0.00 |          -1.43 
            165 |           0.34 |          83.37 |          81.38 |          82.35 |           0.49 |           0.00 |          -1.50 
            166 |           0.33 |          83.51 |          81.44 |          82.28 |           0.49 |           0.00 |          -1.54 
            167 |           0.32 |          83.48 |          81.57 |          82.35 |           0.48 |           0.00 |          -1.60 
            168 |           0.33 |          83.48 |          81.57 |          82.41 |           0.49 |           0.00 |          -1.59 
            169 |           0.32 |          83.54 |          81.31 |          82.66 |           0.49 |           0.00 |          -1.67 
            170 |           0.32 |          83.48 |          81.51 |          82.47 |           0.49 |           0.00 |          -1.69 
            171 |           0.31 |          83.48 |          81.51 |          82.47 |           0.49 |           0.00 |          -1.72 
            172 |           0.34 |          83.39 |          81.31 |          82.79 |           0.50 |           0.00 |          -1.65 
            173 |           0.30 |          83.53 |          81.38 |          82.35 |           0.48 |           0.00 |          -1.75 
            174 |           0.32 |          83.51 |          81.51 |          82.47 |           0.49 |           0.00 |          -1.72 
            175 |           0.30 |          83.52 |          81.31 |          82.41 |           0.48 |           0.00 |          -1.78 
            176 |           0.28 |          83.51 |          81.44 |          82.35 |           0.47 |           0.00 |          -1.85 
            177 |           0.28 |          83.46 |          81.25 |          82.79 |           0.47 |           0.00 |          -1.85 
            178 |           0.30 |          83.44 |          81.44 |          82.54 |           0.49 |           0.00 |          -1.82 
            179 |           0.29 |          83.45 |          81.51 |          82.66 |           0.47 |           0.00 |          -1.85 
            180 |           0.31 |          83.44 |          81.57 |          82.66 |           0.49 |           0.00 |          -1.79 
            181 |           0.28 |          83.45 |          81.57 |          82.73 |           0.47 |           0.00 |          -1.89 
            182 |           0.28 |          83.28 |          81.51 |          82.03 |           0.47 |           0.00 |          -1.90 
            183 |           0.33 |          83.28 |          81.38 |          82.15 |           0.49 |           0.00 |          -1.63 
            184 |           0.31 |          83.31 |          81.38 |          82.15 |           0.48 |           0.00 |          -1.73 
            185 |           0.33 |          83.35 |          81.44 |          82.03 |           0.50 |           0.00 |          -1.68 
            186 |           0.32 |          83.32 |          81.44 |          82.03 |           0.48 |           0.00 |          -1.66 
            187 |           0.31 |          83.33 |          81.51 |          82.03 |           0.48 |           0.00 |          -1.73 
            188 |           0.33 |          83.38 |          81.44 |          82.22 |           0.50 |           0.00 |          -1.68 
            189 |           0.32 |          83.44 |          81.25 |          82.22 |           0.49 |           0.00 |          -1.75 
            190 |           0.30 |          83.38 |          81.57 |          82.03 |           0.48 |           0.00 |          -1.82 
            191 |           0.32 |          83.38 |          81.57 |          82.09 |           0.49 |           0.00 |          -1.77 
            192 |           0.30 |          83.35 |          81.44 |          82.03 |           0.48 |           0.00 |          -1.84 
            193 |           0.28 |          83.45 |          81.51 |          82.22 |           0.47 |           0.00 |          -1.91 
            194 |           0.28 |          83.48 |          81.57 |          82.35 |           0.48 |           0.00 |          -1.95 
            195 |           0.29 |          83.46 |          81.44 |          82.28 |           0.49 |           0.00 |          -1.91 
            196 |           0.27 |          83.38 |          81.51 |          82.09 |           0.47 |           0.00 |          -2.02 
            197 |           0.27 |          83.34 |          81.57 |          82.15 |           0.48 |           0.00 |          -2.03 
            198 |           0.30 |          83.35 |          81.57 |          82.15 |           0.49 |           0.00 |          -1.96 
            199 |           0.31 |          83.45 |          81.19 |          82.41 |           0.48 |           0.00 |          -1.68 
            200 |           0.32 |          83.46 |          81.31 |          82.35 |           0.49 |           0.00 |          -1.69 
            201 |           0.31 |          83.42 |          81.25 |          82.35 |           0.48 |           0.00 |          -1.72 
            202 |           0.31 |          83.38 |          81.51 |          82.35 |           0.49 |           0.00 |          -1.76 
            203 |           0.30 |          83.40 |          81.38 |          82.28 |           0.48 |           0.00 |          -1.84 
            204 |           0.28 |          83.30 |          81.51 |          81.84 |           0.47 |           0.00 |          -1.94 
            205 |           0.30 |          83.39 |          81.57 |          81.90 |           0.49 |           0.00 |          -1.84 
            206 |           0.30 |          83.40 |          81.51 |          82.03 |           0.48 |           0.00 |          -1.86 
            207 |           0.28 |          83.40 |          81.57 |          81.96 |           0.47 |           0.00 |          -1.95 
            208 |           0.29 |          83.44 |          81.57 |          82.03 |           0.49 |           0.00 |          -1.97 
            209 |           0.26 |          83.37 |          81.38 |          82.03 |           0.46 |           0.00 |          -2.08 
            210 |           0.30 |          83.47 |          81.44 |          82.09 |           0.50 |           0.00 |          -1.95 
            211 |           0.28 |          83.26 |          81.38 |          81.90 |           0.48 |           0.00 |          -2.04 
            212 |           0.30 |          83.26 |          81.38 |          81.96 |           0.48 |           0.00 |          -1.81 
            213 |           0.29 |          83.37 |          81.31 |          81.84 |           0.48 |           0.00 |          -1.90 
            214 |           0.30 |          83.40 |          81.31 |          81.84 |           0.48 |           0.00 |          -1.80 
            215 |           0.28 |          83.40 |          81.38 |          81.90 |           0.47 |           0.00 |          -1.92 
            216 |           0.29 |          83.37 |          81.44 |          81.84 |           0.49 |           0.00 |          -1.91 
            217 |           0.29 |          83.38 |          81.31 |          81.90 |           0.48 |           0.00 |          -1.93 
            218 |           0.28 |          83.34 |          81.38 |          81.90 |           0.48 |           0.00 |          -1.97 
            219 |           0.26 |          83.37 |          81.44 |          81.84 |           0.47 |           0.00 |          -2.07 
            220 |           0.27 |          83.39 |          81.38 |          81.90 |           0.48 |           0.00 |          -2.03 
            221 |           0.26 |          83.38 |          81.38 |          81.84 |           0.47 |           0.00 |          -2.08 
            222 |           0.28 |          83.40 |          81.44 |          81.84 |           0.48 |           0.00 |          -2.05 
            223 |           0.29 |          83.42 |          81.44 |          81.96 |           0.49 |           0.00 |          -2.07 
            224 |           0.29 |          83.45 |          81.38 |          82.09 |           0.49 |           0.00 |          -2.00 
            225 |           0.28 |          83.53 |          81.44 |          82.09 |           0.48 |           0.00 |          -2.04 
            226 |           0.27 |          83.47 |          81.51 |          82.03 |           0.48 |           0.00 |          -2.10 
            227 |           0.26 |          83.46 |          81.57 |          81.84 |           0.47 |           0.00 |          -2.12 
            228 |           0.27 |          83.49 |          81.51 |          81.96 |           0.48 |           0.00 |          -2.09 
            229 |           0.26 |          83.54 |          81.44 |          82.03 |           0.47 |           0.00 |          -2.14 
            230 |           0.27 |          83.49 |          81.57 |          82.09 |           0.48 |           0.00 |          -2.10 
            231 |           0.27 |          83.46 |          81.57 |          82.09 |           0.48 |           0.00 |          -2.08 
            232 |           0.27 |          83.55 |          81.44 |          82.03 |           0.49 |           0.00 |          -2.12 
            233 |           0.25 |          83.50 |          81.51 |          81.96 |           0.47 |           0.00 |          -2.24 
            234 |           0.30 |          83.52 |          81.44 |          81.96 |           0.50 |           0.00 |          -2.03 
            235 |           0.27 |          83.60 |          81.44 |          81.96 |           0.48 |           0.00 |          -2.10 
            236 |           0.25 |          83.52 |          81.51 |          81.84 |           0.47 |           0.00 |          -2.18 
            237 |           0.28 |          83.60 |          81.31 |          82.03 |           0.49 |           0.00 |          -2.06 
            238 |           0.24 |          83.48 |          81.25 |          82.03 |           0.46 |           0.00 |          -2.19 
            239 |           0.27 |          83.55 |          81.51 |          81.90 |           0.49 |           0.00 |          -2.14 
            240 |           0.29 |          83.56 |          81.51 |          81.90 |           0.50 |           0.00 |          -2.06 
            241 |           0.24 |          83.54 |          81.25 |          82.15 |           0.46 |           0.00 |          -2.24 
            242 |           0.28 |          83.50 |          81.31 |          82.15 |           0.49 |           0.00 |          -2.10 
            243 |           0.27 |          83.57 |          81.51 |          82.09 |           0.48 |           0.00 |          -2.17 
            244 |           0.24 |          83.48 |          81.38 |          82.15 |           0.47 |           0.00 |          -2.27 
            245 |           0.27 |          83.43 |          81.57 |          82.03 |           0.47 |           0.00 |          -2.02 
            246 |           0.31 |          83.50 |          81.57 |          81.96 |           0.50 |           0.00 |          -1.94 
            247 |           0.28 |          83.54 |          81.57 |          82.22 |           0.49 |           0.00 |          -2.04 
            248 |           0.26 |          83.45 |          81.38 |          82.22 |           0.48 |           0.00 |          -2.15 
            249 |           0.24 |          83.56 |          81.57 |          82.22 |           0.47 |           0.00 |          -2.21 
            250 |           0.26 |          83.26 |          80.68 |          82.79 |           0.47 |           0.00 |          -2.14 
            251 |           0.28 |          83.15 |          80.93 |          82.79 |           0.49 |           0.00 |          -2.14 
            252 |           0.28 |          83.28 |          80.74 |          82.66 |           0.49 |           0.00 |          -2.09 
            253 |           0.28 |          83.63 |          81.51 |          82.28 |           0.50 |           0.00 |          -2.16 
            254 |           0.28 |          83.47 |          81.51 |          82.35 |           0.49 |           0.00 |          -2.11 
            255 |           0.27 |          83.44 |          81.63 |          81.90 |           0.48 |           0.00 |          -2.14 
            256 |           0.30 |          83.48 |          81.51 |          82.15 |           0.50 |           0.00 |          -1.97 
            257 |           0.29 |          83.50 |          81.63 |          82.03 |           0.50 |           0.00 |          -2.02 
            258 |           0.27 |          83.23 |          81.12 |          82.35 |           0.47 |           0.00 |          -2.09 
            259 |           0.28 |          83.32 |          81.25 |          82.22 |           0.48 |           0.00 |          -1.96 
            260 |           0.28 |          83.29 |          81.19 |          82.28 |           0.47 |           0.00 |          -1.97 
            261 |           0.29 |          83.29 |          81.25 |          82.28 |           0.49 |           0.00 |          -1.97 
            262 |           0.31 |          83.31 |          81.12 |          82.28 |           0.50 |           0.00 |          -1.90 
            263 |           0.29 |          83.28 |          81.25 |          82.35 |           0.49 |           0.00 |          -2.01 
            264 |           0.29 |          83.17 |          81.19 |          82.47 |           0.49 |           0.00 |          -2.00 
            265 |           0.26 |          83.31 |          81.38 |          82.86 |           0.47 |           0.00 |          -2.13 
            266 |           0.27 |          83.36 |          81.31 |          82.22 |           0.48 |           0.00 |          -2.05 
            267 |           0.26 |          83.40 |          81.31 |          82.35 |           0.47 |           0.00 |          -2.09 
            268 |           0.25 |          83.37 |          81.31 |          82.47 |           0.47 |           0.00 |          -2.21 
            269 |           0.27 |          83.37 |          81.44 |          82.66 |           0.49 |           0.00 |          -2.15 
            270 |           0.26 |          83.25 |          81.31 |          82.35 |           0.48 |           0.00 |          -2.18 
            271 |           0.29 |          83.32 |          81.31 |          82.79 |           0.50 |           0.00 |          -2.09 
            272 |           0.25 |          83.32 |          81.25 |          82.73 |           0.48 |           0.00 |          -2.25 
            273 |           0.27 |          83.28 |          81.25 |          82.73 |           0.48 |           0.00 |          -2.17 
            274 |           0.26 |          83.37 |          81.38 |          82.60 |           0.48 |           0.00 |          -2.20 
            275 |           0.25 |          83.45 |          81.38 |          82.73 |           0.48 |           0.00 |          -2.25 
            276 |           0.25 |          83.41 |          81.25 |          82.79 |           0.47 |           0.00 |          -2.24 
            277 |           0.27 |          83.45 |          81.25 |          82.73 |           0.49 |           0.00 |          -2.18 
            278 |           0.26 |          83.47 |          81.25 |          82.79 |           0.48 |           0.00 |          -2.18 
            279 |           0.27 |          83.48 |          81.63 |          82.60 |           0.49 |           0.00 |          -2.21 
            280 |           0.24 |          83.21 |          81.31 |          82.15 |           0.47 |           0.00 |          -2.25 
            281 |           0.29 |          83.50 |          81.63 |          81.84 |           0.48 |           0.00 |          -1.89 
            282 |           0.28 |          83.53 |          81.57 |          81.84 |           0.48 |           0.00 |          -1.97 
            283 |           0.30 |          83.52 |          81.44 |          81.77 |           0.49 |           0.00 |          -1.91 
            284 |           0.27 |          83.53 |          81.44 |          81.77 |           0.48 |           0.00 |          -2.07 
            285 |           0.26 |          83.31 |          81.25 |          82.54 |           0.47 |           0.00 |          -2.07 
            286 |           0.27 |          83.42 |          81.57 |          82.47 |           0.48 |           0.00 |          -2.02 
            287 |           0.26 |          83.38 |          81.57 |          82.54 |           0.47 |           0.00 |          -2.08 
            288 |           0.26 |          83.37 |          81.63 |          82.47 |           0.47 |           0.00 |          -2.08 
            289 |           0.26 |          83.38 |          81.38 |          82.66 |           0.47 |           0.00 |          -2.15 
            290 |           0.29 |          83.43 |          81.44 |          82.60 |           0.49 |           0.00 |          -2.06 
            291 |           0.26 |          83.46 |          81.51 |          82.66 |           0.48 |           0.00 |          -2.15 
            292 |           0.27 |          83.39 |          81.25 |          82.47 |           0.49 |           0.00 |          -2.18 
            293 |           0.25 |          83.43 |          81.44 |          82.54 |           0.47 |           0.00 |          -2.26 
            294 |           0.24 |          83.35 |          81.25 |          82.86 |           0.47 |           0.00 |          -2.26 
            295 |           0.25 |          83.40 |          81.44 |          82.92 |           0.47 |           0.00 |          -2.21 
            296 |           0.25 |          83.36 |          81.19 |          82.60 |           0.47 |           0.00 |          -2.24 
            297 |           0.23 |          83.20 |          81.12 |          82.28 |           0.46 |           0.00 |          -2.30 
            298 |           0.27 |          83.20 |          81.12 |          82.28 |           0.47 |           0.00 |          -2.04 
            299 |           0.28 |          83.19 |          81.19 |          82.22 |           0.48 |           0.00 |          -2.03 
            300 |           0.28 |          83.19 |          81.19 |          82.28 |           0.48 |           0.00 |          -1.98 
------------------------------------------------------------------------------------------------------------------------------------------
Final eval on test, "save best", best epoch on dev 255, token-acc, dev = 81.63 | test = 81.90)
------------------------------------------------------------------------------------------------------------------------------------------
*** Token-level accuracy: 81.90% ***
 	 TP: 86.73 | abs: 595
 	 FP: 13.27 | abs: 91
 	 TN: 78.14 | abs: 690
 	 FN: 21.86 | abs: 193
Neg class: above $50K, Pos class: below $50K
Input arguments:
python3 main.py --save-name proto-20-push80 --push-after 80

 Best performance: 81.8993