Evaluation

batch_size=40
check_for_lowercase=True
clip_grad=5
cross_fold_id=-1
cross_folds_num=-1
data_dir='data/rt-polarity'
dataset_sort=False
dropout_ratio=0.5
emb_delimiter=' '
emb_dim=300
emb_fn='/playpen2/home/peter/xu/data/glove.840B.300d.txt'
emb_load_all=False
epoch_num=200
evaluator='token-acc'
freeze_word_embeddings=False
gpu=1
hadamard_importance=False
kmeans_init=True
lambda_sep=0.1
latent_dim=None
load_name=None
lr=0.015
lr_decay=0.05
max_pool_protos=True
min_epoch_num=1
model='ProtoBiRNN'
momentum=0.9
no_eval_til=0
num_prototypes_per_class=40
opt='sgd'
patience=80
pooling_type='attention'
pre_eval=False
pretrained_model='attention-16d'
proto_dim=16
push_after=20
rnn_hidden_dim=50
rnn_type='LSTM'
save_best=True
save_data=False
save_dir='saved_models'
save_name='proto-p40-kmeans-push20'
seed_num=10
similarity_epsilon=0.01
similarity_function_name='gaussian'
start_epoch=0
unfreeze_feature_extractor=0
unfreeze_lin_layer=1000
verbose=True
word_seq_indexer='data/word_seq_indexer'

         epoch  |     train loss | token-acc-train |  token-acc-dev | token-acc-test |      cross_ent |         l1-pen |       sep_loss 
------------------------------------------------------------------------------------------------------------------------------------------
              1 |           0.57 |          89.02 |          80.00 |          78.63 |           0.61 |           0.00 |          -0.46 
              2 |           0.24 |          89.38 |          79.64 |          78.97 |           0.47 |           0.00 |          -2.27 
              3 |           0.10 |          87.60 |          78.80 |          77.38 |           0.44 |           0.00 |          -3.32 
              4 |           0.10 |          88.78 |          78.92 |          79.16 |           0.44 |           0.00 |          -3.40 
              5 |           0.08 |          86.70 |          77.84 |          78.63 |           0.43 |           0.00 |          -3.50 
              6 |           0.06 |          88.34 |          79.88 |          78.34 |           0.41 |           0.00 |          -3.56 
              7 |           0.09 |          88.80 |          78.32 |          78.05 |           0.43 |           0.00 |          -3.49 
              8 |           0.06 |          89.51 |          80.12 |          79.54 |           0.42 |           0.00 |          -3.57 
              9 |           0.07 |          89.40 |          80.36 |          79.01 |           0.43 |           0.00 |          -3.53 
             10 |           0.05 |          89.51 |          79.88 |          79.59 |           0.41 |           0.00 |          -3.60 
             11 |           0.07 |          86.82 |          78.20 |          77.14 |           0.43 |           0.00 |          -3.53 
             12 |           0.06 |          88.82 |          80.00 |          79.40 |           0.42 |           0.00 |          -3.55 
             13 |           0.07 |          87.82 |          78.92 |          78.73 |           0.43 |           0.00 |          -3.54 
             14 |           0.05 |          88.95 |          78.56 |          78.87 |           0.41 |           0.00 |          -3.59 
             15 |           0.09 |          88.64 |          79.16 |          78.97 |           0.44 |           0.00 |          -3.47 
             16 |           0.01 |          89.71 |          79.88 |          79.68 |           0.38 |           0.00 |          -3.73 
             17 |           0.07 |          89.00 |          77.84 |          78.77 |           0.42 |           0.00 |          -3.54 
             18 |           0.04 |          88.72 |          77.84 |          78.49 |           0.41 |           0.00 |          -3.62 
             19 |           0.04 |          90.09 |          79.28 |          80.16 |           0.41 |           0.00 |          -3.61 
             20 |           0.06 |          88.28 |          78.68 |          77.62 |           0.42 |           0.00 |          -3.56 
             21 |           0.04 |          88.02 |          78.68 |          77.96 |           0.40 |           0.00 |          -3.63 
             22 |           0.27 |          88.63 |          77.01 |          78.20 |           0.45 |           0.00 |          -1.82 
             23 |           0.14 |          89.50 |          80.84 |          79.35 |           0.43 |           0.00 |          -2.88 
             24 |           0.07 |          89.67 |          78.80 |          79.06 |           0.40 |           0.00 |          -3.30 
             25 |           0.09 |          89.97 |          79.40 |          79.30 |           0.42 |           0.00 |          -3.32 
             26 |           0.07 |          89.34 |          80.12 |          79.11 |           0.41 |           0.00 |          -3.39 
             27 |           0.08 |          89.16 |          78.80 |          78.73 |           0.42 |           0.00 |          -3.39 
             28 |           0.07 |          90.61 |          79.16 |          79.59 |           0.41 |           0.00 |          -3.39 
             29 |           0.05 |          90.57 |          80.84 |          80.21 |           0.40 |           0.00 |          -3.46 
             30 |           0.06 |          88.84 |          79.28 |          79.49 |           0.40 |           0.00 |          -3.46 
             31 |           0.06 |          90.69 |          80.72 |          79.16 |           0.40 |           0.00 |          -3.48 
             32 |           0.11 |          90.80 |          80.60 |          79.83 |           0.44 |           0.00 |          -3.30 
             33 |           0.04 |          91.33 |          80.84 |          80.21 |           0.39 |           0.00 |          -3.54 
             34 |           0.03 |          90.99 |          81.08 |          79.40 |           0.39 |           0.00 |          -3.57 
             35 |           0.08 |          90.99 |          80.48 |          79.40 |           0.42 |           0.00 |          -3.42 
             36 |           0.05 |          91.19 |          80.96 |          80.69 |           0.41 |           0.00 |          -3.52 
             37 |           0.10 |          91.24 |          80.48 |          81.17 |           0.44 |           0.00 |          -3.37 
             38 |           0.04 |          90.09 |          80.24 |          79.49 |           0.40 |           0.00 |          -3.55 
             39 |           0.07 |          91.03 |          79.76 |          78.68 |           0.42 |           0.00 |          -3.46 
             40 |           0.06 |          91.79 |          80.72 |          80.59 |           0.41 |           0.00 |          -3.50 
             41 |           0.05 |          89.52 |          79.88 |          79.68 |           0.40 |           0.00 |          -3.54 
             42 |           0.03 |          91.53 |          81.20 |          80.45 |           0.39 |           0.00 |          -3.59 
             43 |           0.03 |          91.41 |          80.96 |          80.50 |           0.39 |           0.00 |          -3.59 
             44 |           0.05 |          91.05 |          78.44 |          79.40 |           0.40 |           0.00 |          -3.54 
             45 |           0.04 |          90.72 |          79.04 |          78.68 |           0.40 |           0.00 |          -3.58 
             46 |           0.05 |          91.53 |          81.20 |          80.64 |           0.41 |           0.00 |          -3.53 
             47 |           0.05 |          91.20 |          81.44 |          80.07 |           0.41 |           0.00 |          -3.55 
             48 |           0.04 |          91.39 |          80.84 |          79.97 |           0.40 |           0.00 |          -3.58 
             49 |           0.03 |          90.89 |          80.72 |          79.78 |           0.39 |           0.00 |          -3.62 
             50 |           0.05 |          91.76 |          81.80 |          80.50 |           0.41 |           0.00 |          -3.54 
             51 |           0.08 |          90.32 |          80.48 |          79.73 |           0.43 |           0.00 |          -3.45 
             52 |           0.05 |          92.16 |          82.63 |          80.26 |           0.40 |           0.00 |          -3.57 
             53 |           0.04 |          91.15 |          81.68 |          80.11 |           0.40 |           0.00 |          -3.60 
             54 |           0.03 |          91.80 |          81.68 |          80.88 |           0.39 |           0.00 |          -3.62 
             55 |           0.07 |          92.03 |          80.84 |          79.25 |           0.42 |           0.00 |          -3.51 
             56 |           0.05 |          91.87 |          81.44 |          79.30 |           0.41 |           0.00 |          -3.56 
             57 |           0.05 |          91.69 |          81.32 |          80.40 |           0.41 |           0.00 |          -3.57 
             58 |           0.07 |          92.29 |          81.80 |          80.31 |           0.42 |           0.00 |          -3.53 
             59 |           0.09 |          90.77 |          80.12 |          78.63 |           0.43 |           0.00 |          -3.45 
             60 |           0.05 |          91.15 |          80.24 |          79.20 |           0.41 |           0.00 |          -3.57 
             61 |           0.01 |          91.71 |          81.92 |          80.26 |           0.38 |           0.00 |          -3.68 
             62 |           0.06 |          92.80 |          81.44 |          80.21 |           0.42 |           0.00 |          -3.53 
             63 |           0.06 |          92.86 |          82.16 |          80.35 |           0.42 |           0.00 |          -3.53 
             64 |           0.08 |          92.86 |          81.44 |          79.97 |           0.43 |           0.00 |          -3.47 
             65 |           0.05 |          92.94 |          81.68 |          80.45 |           0.41 |           0.00 |          -3.56 
             66 |           0.06 |          92.96 |          81.32 |          80.26 |           0.41 |           0.00 |          -3.55 
             67 |           0.09 |          92.09 |          81.44 |          80.07 |           0.44 |           0.00 |          -3.45 
             68 |           0.03 |          93.09 |          82.04 |          80.31 |           0.39 |           0.00 |          -3.64 
             69 |           0.04 |          92.90 |          81.56 |          80.45 |           0.40 |           0.00 |          -3.62 
             70 |           0.05 |          92.42 |          81.44 |          80.45 |           0.41 |           0.00 |          -3.56 
             71 |           0.05 |          92.70 |          81.32 |          79.92 |           0.41 |           0.00 |          -3.56 
             72 |           0.04 |          93.00 |          82.51 |          81.03 |           0.40 |           0.00 |          -3.60 
             73 |           0.05 |          91.43 |          81.32 |          79.97 |           0.41 |           0.00 |          -3.59 
             74 |           0.04 |          92.66 |          80.60 |          79.97 |           0.40 |           0.00 |          -3.61 
             75 |           0.02 |          93.10 |          80.96 |          80.64 |           0.39 |           0.00 |          -3.68 
             76 |           0.04 |          92.88 |          81.68 |          80.55 |           0.40 |           0.00 |          -3.62 
             77 |           0.05 |          92.05 |          79.64 |          79.49 |           0.41 |           0.00 |          -3.57 
             78 |           0.05 |          93.30 |          81.32 |          80.79 |           0.41 |           0.00 |          -3.58 
             79 |           0.03 |          93.36 |          81.92 |          81.36 |           0.39 |           0.00 |          -3.66 
             80 |           0.04 |          93.22 |          80.96 |          80.31 |           0.40 |           0.00 |          -3.60 
             81 |           0.05 |          92.76 |          80.96 |          79.20 |           0.41 |           0.00 |          -3.59 
             82 |           0.04 |          93.41 |          81.20 |          80.64 |           0.40 |           0.00 |          -3.60 
             83 |           0.04 |          93.24 |          81.20 |          80.69 |           0.40 |           0.00 |          -3.62 
             84 |           0.04 |          92.45 |          80.24 |          79.40 |           0.40 |           0.00 |          -3.63 
             85 |           0.05 |          92.89 |          81.92 |          80.26 |           0.41 |           0.00 |          -3.60 
             86 |           0.02 |          93.01 |          80.96 |          80.59 |           0.39 |           0.00 |          -3.67 
             87 |           0.01 |          93.54 |          81.44 |          80.83 |           0.38 |           0.00 |          -3.70 
             88 |           0.05 |          92.81 |          82.04 |          80.31 |           0.41 |           0.00 |          -3.59 
             89 |           0.01 |          93.46 |          81.08 |          80.55 |           0.38 |           0.00 |          -3.71 
             90 |           0.01 |          93.60 |          81.92 |          80.74 |           0.38 |           0.00 |          -3.71 
             91 |           0.05 |          93.74 |          82.16 |          80.64 |           0.41 |           0.00 |          -3.60 
             92 |           0.01 |          93.68 |          81.80 |          80.50 |           0.38 |           0.00 |          -3.71 
             93 |           0.03 |          93.69 |          82.40 |          80.21 |           0.39 |           0.00 |          -3.66 
             94 |           0.07 |          93.66 |          82.28 |          80.45 |           0.42 |           0.00 |          -3.53 
             95 |           0.02 |          93.52 |          81.56 |          80.50 |           0.39 |           0.00 |          -3.67 
             96 |           0.03 |          93.66 |          82.16 |          81.03 |           0.39 |           0.00 |          -3.65 
             97 |           0.03 |          93.64 |          82.04 |          80.59 |           0.40 |           0.00 |          -3.65 
             98 |           0.02 |          93.49 |          81.80 |          80.88 |           0.39 |           0.00 |          -3.68 
             99 |           0.03 |          91.87 |          80.36 |          80.07 |           0.40 |           0.00 |          -3.64 
            100 |           0.03 |          93.94 |          82.16 |          80.98 |           0.40 |           0.00 |          -3.64 
            101 |           0.01 |          93.66 |          82.51 |          80.64 |           0.38 |           0.00 |          -3.70 
            102 |           0.02 |          93.60 |          81.92 |          80.59 |           0.39 |           0.00 |          -3.68 
            103 |           0.03 |          93.13 |          81.08 |          80.26 |           0.39 |           0.00 |          -3.66 
            104 |           0.05 |          93.45 |          82.04 |          80.64 |           0.41 |           0.00 |          -3.60 
            105 |           0.06 |          93.84 |          82.28 |          80.74 |           0.42 |           0.00 |          -3.55 
            106 |           0.02 |          94.09 |          82.28 |          80.79 |           0.39 |           0.00 |          -3.69 
            107 |           0.03 |          93.65 |          81.80 |          80.83 |           0.40 |           0.00 |          -3.65 
            108 |           0.02 |          94.00 |          81.80 |          80.79 |           0.39 |           0.00 |          -3.68 
            109 |           0.03 |          93.89 |          82.28 |          80.83 |           0.40 |           0.00 |          -3.64 
            110 |           0.02 |          93.24 |          81.92 |          80.74 |           0.39 |           0.00 |          -3.67 
            111 |           0.05 |          92.93 |          81.80 |          79.78 |           0.41 |           0.00 |          -3.60 
            112 |           0.02 |          94.08 |          82.51 |          81.17 |           0.39 |           0.00 |          -3.68 
            113 |           0.02 |          94.21 |          82.63 |          81.17 |           0.39 |           0.00 |          -3.68 
            114 |           0.04 |          93.72 |          82.51 |          80.45 |           0.40 |           0.00 |          -3.61 
            115 |           0.05 |          93.62 |          82.28 |          80.59 |           0.41 |           0.00 |          -3.60 
            116 |           0.03 |          93.62 |          81.08 |          80.59 |           0.39 |           0.00 |          -3.66 
            117 |           0.04 |          92.06 |          79.40 |          78.92 |           0.40 |           0.00 |          -3.62 
            118 |           0.04 |          93.93 |          81.80 |          80.98 |           0.40 |           0.00 |          -3.62 
            119 |           0.02 |          94.10 |          82.04 |          81.12 |           0.39 |           0.00 |          -3.69 
            120 |           0.02 |          92.65 |          80.60 |          79.20 |           0.39 |           0.00 |          -3.68 
            121 |           0.01 |          92.69 |          80.60 |          79.06 |           0.38 |           0.00 |          -3.72 
            122 |           0.05 |          94.00 |          82.16 |          80.83 |           0.41 |           0.00 |          -3.60 
            123 |           0.00 |          94.28 |          82.99 |          80.64 |           0.38 |           0.00 |          -3.74 
            124 |           0.03 |          93.28 |          81.32 |          80.83 |           0.40 |           0.00 |          -3.63 
            125 |           0.05 |          94.35 |          82.28 |          80.40 |           0.41 |           0.00 |          -3.60 
            126 |           0.05 |          94.41 |          81.92 |          80.55 |           0.41 |           0.00 |          -3.60 
            127 |           0.03 |          94.12 |          82.63 |          80.55 |           0.40 |           0.00 |          -3.64 
            128 |           0.04 |          94.09 |          82.51 |          80.31 |           0.40 |           0.00 |          -3.63 
            129 |           0.05 |          94.42 |          81.68 |          80.50 |           0.41 |           0.00 |          -3.59 
            130 |           0.01 |          94.58 |          82.28 |          80.21 |           0.38 |           0.00 |          -3.72 
            131 |           0.04 |          94.32 |          82.04 |          80.50 |           0.40 |           0.00 |          -3.64 
            132 |           0.03 |          94.14 |          81.32 |          80.02 |           0.39 |           0.00 |          -3.66 
            133 |           0.05 |          94.38 |          81.68 |          80.11 |           0.41 |           0.00 |          -3.60 
            134 |          -0.01 |          94.00 |          81.68 |          79.78 |           0.37 |           0.00 |          -3.77 
            135 |           0.04 |          94.38 |          81.56 |          79.73 |           0.40 |           0.00 |          -3.61 
            136 |           0.00 |          94.54 |          81.68 |          80.31 |           0.38 |           0.00 |          -3.74 
            137 |           0.01 |          94.57 |          81.80 |          80.50 |           0.38 |           0.00 |          -3.72 
            138 |           0.02 |          94.17 |          82.51 |          80.55 |           0.39 |           0.00 |          -3.68 
            139 |           0.02 |          94.06 |          82.04 |          80.59 |           0.39 |           0.00 |          -3.69 
            140 |          -0.01 |          94.25 |          81.92 |          79.88 |           0.37 |           0.00 |          -3.77 
            141 |           0.04 |          94.20 |          81.08 |          80.69 |           0.40 |           0.00 |          -3.62 
            142 |           0.02 |          94.55 |          82.04 |          80.79 |           0.39 |           0.00 |          -3.69 
            143 |          -0.00 |          94.46 |          81.80 |          80.64 |           0.37 |           0.00 |          -3.74 
            144 |           0.00 |          94.70 |          82.63 |          80.74 |           0.37 |           0.00 |          -3.74 
            145 |           0.02 |          94.10 |          82.40 |          80.69 |           0.39 |           0.00 |          -3.67 
            146 |           0.05 |          94.28 |          82.75 |          80.21 |           0.41 |           0.00 |          -3.60 
            147 |           0.04 |          94.34 |          81.56 |          80.40 |           0.40 |           0.00 |          -3.63 
            148 |           0.03 |          94.17 |          81.68 |          79.73 |           0.40 |           0.00 |          -3.64 
            149 |           0.06 |          94.39 |          82.28 |          80.07 |           0.41 |           0.00 |          -3.58 
            150 |           0.01 |          94.01 |          81.20 |          80.35 |           0.38 |           0.00 |          -3.71 
            151 |           0.05 |          94.14 |          82.04 |          80.16 |           0.41 |           0.00 |          -3.58 
            152 |           0.04 |          94.33 |          81.68 |          80.55 |           0.40 |           0.00 |          -3.62 
            153 |           0.03 |          94.18 |          80.72 |          79.83 |           0.39 |           0.00 |          -3.66 
            154 |           0.02 |          94.55 |          82.04 |          80.79 |           0.39 |           0.00 |          -3.69 
            155 |           0.02 |          94.13 |          81.80 |          79.97 |           0.39 |           0.00 |          -3.67 
            156 |           0.04 |          94.49 |          81.80 |          80.35 |           0.40 |           0.00 |          -3.63 
            157 |           0.01 |          94.17 |          81.08 |          80.79 |           0.38 |           0.00 |          -3.71 
            158 |           0.03 |          94.55 |          82.16 |          80.55 |           0.39 |           0.00 |          -3.66 
            159 |           0.01 |          94.85 |          82.40 |          80.55 |           0.38 |           0.00 |          -3.72 
            160 |           0.01 |          94.86 |          81.80 |          80.74 |           0.38 |           0.00 |          -3.73 
            161 |           0.02 |          94.33 |          81.44 |          80.59 |           0.39 |           0.00 |          -3.69 
            162 |          -0.00 |          94.43 |          82.04 |          80.02 |           0.37 |           0.00 |          -3.76 
            163 |          -0.02 |          94.61 |          81.80 |          80.35 |           0.36 |           0.00 |          -3.79 
            164 |           0.01 |          94.75 |          81.68 |          80.59 |           0.38 |           0.00 |          -3.72 
            165 |           0.05 |          94.51 |          82.63 |          79.88 |           0.41 |           0.00 |          -3.60 
            166 |           0.04 |          94.98 |          82.16 |          80.64 |           0.40 |           0.00 |          -3.63 
            167 |           0.01 |          94.87 |          81.92 |          80.40 |           0.38 |           0.00 |          -3.70 
            168 |           0.00 |          94.81 |          81.68 |          80.45 |           0.38 |           0.00 |          -3.73 
            169 |           0.02 |          95.07 |          82.28 |          80.59 |           0.39 |           0.00 |          -3.68 
            170 |           0.05 |          94.91 |          82.40 |          80.64 |           0.41 |           0.00 |          -3.61 
            171 |           0.03 |          94.86 |          82.04 |          80.93 |           0.40 |           0.00 |          -3.65 
            172 |          -0.00 |          94.65 |          82.63 |          80.50 |           0.37 |           0.00 |          -3.75 
            173 |           0.04 |          94.65 |          82.63 |          80.59 |           0.40 |           0.00 |          -3.62 
            174 |          -0.01 |          94.61 |          82.75 |          80.79 |           0.37 |           0.00 |          -3.77 
            175 |           0.04 |          95.02 |          81.56 |          80.74 |           0.40 |           0.00 |          -3.62 
            176 |          -0.00 |          94.81 |          82.04 |          80.26 |           0.37 |           0.00 |          -3.75 
            177 |          -0.00 |          94.85 |          81.68 |          80.35 |           0.37 |           0.00 |          -3.75 
            178 |           0.00 |          95.02 |          81.32 |          80.31 |           0.38 |           0.00 |          -3.74 
            179 |           0.04 |          94.95 |          81.68 |          80.40 |           0.40 |           0.00 |          -3.62 
            180 |           0.03 |          95.13 |          81.32 |          80.59 |           0.40 |           0.00 |          -3.65 
            181 |           0.02 |          94.29 |          80.84 |          79.92 |           0.39 |           0.00 |          -3.69 
            182 |           0.01 |          94.86 |          82.04 |          80.74 |           0.38 |           0.00 |          -3.72 
            183 |           0.01 |          94.62 |          80.60 |          80.45 |           0.38 |           0.00 |          -3.72 
            184 |           0.01 |          94.86 |          81.56 |          80.69 |           0.38 |           0.00 |          -3.73 
            185 |           0.01 |          94.94 |          81.80 |          80.59 |           0.38 |           0.00 |          -3.71 
            186 |           0.07 |          94.85 |          81.44 |          80.59 |           0.42 |           0.00 |          -3.54 
            187 |           0.01 |          94.17 |          80.72 |          79.92 |           0.38 |           0.00 |          -3.70 
            188 |           0.05 |          94.85 |          81.44 |          80.50 |           0.41 |           0.00 |          -3.61 
            189 |           0.03 |          95.03 |          82.28 |          81.12 |           0.40 |           0.00 |          -3.65 
            190 |           0.03 |          95.13 |          81.56 |          80.83 |           0.40 |           0.00 |          -3.65 
            191 |          -0.00 |          95.15 |          82.28 |          80.69 |           0.37 |           0.00 |          -3.76 
            192 |           0.03 |          95.11 |          81.80 |          80.59 |           0.39 |           0.00 |          -3.67 
            193 |           0.03 |          94.99 |          81.44 |          80.31 |           0.39 |           0.00 |          -3.67 
            194 |           0.05 |          95.10 |          82.16 |          80.93 |           0.41 |           0.00 |          -3.61 
            195 |           0.02 |          95.33 |          81.68 |          80.74 |           0.39 |           0.00 |          -3.68 
            196 |           0.04 |          95.33 |          81.68 |          80.83 |           0.40 |           0.00 |          -3.62 
            197 |           0.03 |          94.87 |          81.92 |          80.83 |           0.40 |           0.00 |          -3.65 
            198 |           0.01 |          95.27 |          82.04 |          80.40 |           0.38 |           0.00 |          -3.73 
            199 |          -0.00 |          95.30 |          81.80 |          80.74 |           0.37 |           0.00 |          -3.76 
            200 |           0.03 |          95.09 |          82.40 |          80.83 |           0.39 |           0.00 |          -3.67 
------------------------------------------------------------------------------------------------------------------------------------------
Final eval on test, "save best", best epoch on dev 123, token-acc, dev = 82.99 | test = 80.64)
------------------------------------------------------------------------------------------------------------------------------------------
*** Token-level accuracy: 80.64% ***
 	 TP: 79.05 | abs: 845
 	 FP: 20.95 | abs: 224
 	 TN: 82.32 | abs: 838
 	 FN: 17.68 | abs: 180
Neg class: neg, Pos class: pos
Input arguments:
python3 main.py --gpu 1 --push-after 20 --save-name proto-p40-kmeans-push20 -p 40 --kmeans-init True

 Best performance: 80.6421